
0: 1 44 -1
0: 2 77 -1
5: 380 135 19
0: 3 135 -1
1: 29 147 7
0: 4 147 -1
0: 5 70 -1
5: 40 72 20
1: 365 72 33
1: 382 72 78
1: 527 72 7
1: 229 72 8
0: 6 72 -1
3: 40 20 2
0: 7 20 -1
1: 418 39 72
2: 151 39 5
0: 8 39 -1
1: 258 41 72
2: 493 41 63
1: 349 41 10
4: 248 41 2
0: 9 41 -1
3: 59 46 3
0: 10 46 -1
2: 138 70 5
2: 67 70 5
1: 318 70 41
5: 290 70 54
0: 11 70 -1
0: 12 59 -1
3: 573 125 70
2: 310 125 11
3: 536 125 70
3: 561 125 87
0: 13 125 -1
0: 14 0 -1
3: 31 34 0
4: 60 34 23
0: 15 34 -1
2: 600 118 34
1: 72 118 34
0: 16 118 -1
0: 17 62 -1
3: 543 15 87
0: 18 15 -1
2: 499 159 70
1: 431 159 41
0: 19 159 -1
2: 327 156 21
0: 20 156 -1
2: 102 149 8
2: 121 149 11
2: 355 149 33
0: 21 149 -1
4: 551 111 11
3: 257 111 21
5: 202 111 0
4: 24 111 21
4: 205 111 29
0: 22 111 -1
4: 387 89 48
5: 457 89 0
0: 23 89 -1
0: 24 21 -1
1: 512 16 111
0: 25 16 -1
2: 651 106 159
3: 479 106 53
3: 317 106 33
0: 26 106 -1
2: 375 147 53
2: 211 147 21
0: 27 147 -1
2: 638 120 159
5: 410 120 0
0: 28 120 -1
5: 527 7 55
0: 29 7 -1
0: 30 142 -1
1: 410 0 7
5: 457 0 33
1: 202 0 106
0: 31 0 -1
2: 290 54 7
5: 676 54 33
5: 281 54 113
0: 32 54 -1
3: 469 127 63
2: 315 127 35
1: 654 127 111
3: 61 127 0
3: 408 127 59
0: 33 127 -1
4: 558 61 50
3: 683 61 127
0: 34 61 -1
0: 35 82 -1
2: 69 24 7
4: 338 24 51
0: 36 24 -1
0: 37 137 -1
2: 279 20 24
0: 38 20 -1
3: 542 80 87
5: 591 80 117
2: 484 80 70
0: 39 80 -1
2: 248 2 24
0: 40 2 -1
3: 66 143 2
0: 41 143 -1
4: 177 91 2
3: 223 91 20
2: 456 91 70
3: 563 91 80
2: 299 91 35
0: 42 91 -1
0: 43 57 -1
2: 192 13 16
0: 44 13 -1
0: 45 13 -1
2: 455 138 13
5: 608 138 68
0: 46 138 -1
0: 47 128 -1
5: 570 105 128
0: 48 105 -1
1: 179 93 91
2: 256 93 13
1: 85 93 57
0: 49 93 -1
3: 174 107 13
3: 173 107 13
4: 515 107 70
5: 710 107 86
0: 50 107 -1
0: 51 135 -1
2: 527 55 80
5: 88 55 82
4: 267 55 73
1: 425 55 91
2: 477 55 80
0: 52 55 -1
5: 460 83 13
3: 419 83 55
0: 53 83 -1
0: 54 122 -1
2: 364 92 53
0: 55 92 -1
3: 421 101 80
3: 641 101 127
3: 684 101 83
2: 87 101 8
0: 56 101 -1
5: 655 94 8
5: 312 94 139
5: 210 94 0
0: 57 94 -1
4: 88 82 13
3: 441 82 83
0: 58 82 -1
0: 59 3 -1
0: 60 23 -1
1: 210 0 94
0: 61 0 -1
0: 62 52 -1
3: 710 86 101
3: 557 86 127
5: 602 86 53
0: 63 86 -1
2: 682 37 55
4: 288 37 23
2: 459 37 87
0: 64 37 -1
0: 65 95 -1
2: 177 2 16
0: 66 2 -1
0: 67 5 -1
0: 68 71 -1
0: 69 7 -1
0: 70 67 -1
1: 312 139 94
2: 169 139 2
5: 245 139 16
0: 71 139 -1
0: 72 34 -1
0: 73 108 -1
2: 645 36 34
3: 495 36 34
4: 549 36 2
4: 567 36 5
0: 74 36 -1
1: 606 108 36
3: 583 108 159
5: 502 108 16
0: 75 108 -1
0: 76 4 -1
4: 547 139 4
0: 77 139 -1
0: 78 15 -1
0: 79 90 -1
3: 541 82 108
0: 80 82 -1
0: 81 38 -1
0: 82 142 -1
4: 266 1 38
2: 130 1 7
3: 277 1 34
1: 136 1 82
0: 83 1 -1
3: 302 26 1
5: 719 26 109
3: 500 26 67
4: 626 26 115
0: 84 26 -1
0: 85 57 -1
0: 86 125 -1
3: 655 8 57
0: 87 8 -1
0: 88 13 -1
0: 89 6 -1
3: 191 12 1
3: 553 12 57
4: 123 12 6
0: 90 12 -1
5: 639 22 13
2: 550 22 57
0: 91 22 -1
0: 92 133 -1
0: 93 129 -1
2: 432 100 22
5: 692 100 119
0: 94 100 -1
0: 95 12 -1
5: 349 10 75
0: 96 10 -1
3: 640 76 125
0: 97 76 -1
5: 288 23 130
3: 348 23 12
4: 603 23 75
4: 562 23 121
0: 98 23 -1
5: 266 38 0
0: 99 38 -1
5: 259 27 0
3: 445 27 36
5: 413 27 0
3: 384 27 22
4: 593 27 0
0: 100 27 -1
0: 101 54 -1
0: 102 8 -1
2: 385 104 23
5: 681 104 126
4: 433 104 134
4: 509 104 140
3: 159 104 1
0: 103 104 -1
0: 104 102 -1
3: 698 15 27
4: 679 15 150
0: 105 15 -1
4: 547 4 1
0: 106 4 -1
2: 132 100 1
5: 333 100 61
0: 107 100 -1
0: 108 131 -1
3: 507 155 15
3: 701 155 100
3: 622 155 27
3: 588 155 27
0: 109 155 -1
0: 110 32 -1
5: 593 0 4
2: 413 0 15
4: 259 0 4
4: 266 0 7
0: 111 0 -1
0: 112 137 -1
3: 205 29 8
5: 120 29 3
3: 363 29 15
0: 113 29 -1
0: 114 143 -1
5: 120 3 46
5: 357 3 61
4: 599 3 7
0: 115 3 -1
3: 172 96 0
5: 533 96 61
2: 693 96 3
4: 167 96 46
0: 116 96 -1
4: 143 9 8
3: 358 9 3
5: 369 9 8
2: 468 9 27
0: 117 9 -1
5: 284 25 0
4: 183 25 27
0: 118 25 -1
5: 167 46 37
3: 120 46 0
0: 119 46 -1
0: 120 0 -1
3: 551 11 46
0: 121 11 -1
5: 533 61 92
3: 357 61 3
2: 333 61 3
5: 323 61 0
2: 214 61 3
0: 122 61 -1
0: 123 6 -1
5: 267 73 6
3: 388 73 9
0: 124 73 -1
3: 630 64 61
3: 370 64 9
1: 162 64 104
0: 125 64 -1
5: 267 6 0
3: 390 6 29
0: 126 6 -1
5: 494 90 0
1: 381 90 139
0: 127 90 -1
0: 128 39 -1
3: 281 113 9
5: 241 113 6
5: 556 113 92
0: 129 113 -1
3: 599 7 61
5: 266 7 6
0: 130 7 -1
0: 131 96 -1
0: 132 1 -1
3: 167 37 3
0: 133 37 -1
4: 334 66 1
2: 612 66 37
0: 134 66 -1
5: 570 128 6
4: 278 128 27
4: 389 128 9
5: 437 128 9
2: 238 128 7
0: 135 128 -1
0: 136 82 -1
5: 268 56 20
0: 137 56 -1
4: 567 5 7
0: 138 5 -1
5: 395 123 141
3: 585 123 37
0: 139 123 -1
0: 140 88 -1
0: 141 113 -1
0: 142 18 -1
3: 369 8 22
0: 143 8 -1
5: 235 154 5
3: 538 154 37
1: 657 154 56
0: 144 154 -1
5: 653 69 141
4: 534 69 5
4: 260 69 7
2: 607 69 56
0: 145 69 -1
4: 692 119 18
2: 487 119 37
5: 213 119 151
4: 669 119 37
2: 217 119 10
0: 146 119 -1
4: 537 89 151
4: 328 89 8
0: 147 89 -1
2: 692 18 82
3: 157 18 8
5: 716 18 11
5: 485 18 20
2: 483 18 39
0: 148 18 -1
0: 149 77 -1
1: 367 146 18
5: 424 146 20
2: 397 146 36
3: 376 146 23
3: 198 146 10
0: 150 146 -1
5: 534 5 20
2: 235 5 11
0: 151 5 -1
0: 152 113 -1
3: 259 4 12
4: 593 4 30
2: 180 4 5
0: 153 4 -1
3: 335 103 4
0: 154 103 -1
5: 452 124 5
1: 373 124 89
2: 564 124 56
0: 155 124 -1
4: 570 6 5
2: 266 6 4
2: 241 6 4
1: 378 6 96
0: 156 6 -1
0: 157 8 -1
4: 383 85 4
4: 417 85 8
3: 275 85 15
0: 158 85 -1
2: 334 1 18
1: 547 1 113
0: 159 1 -1
5: 613 136 15
2: 604 136 82
1: 702 136 119
0: 160 136 -1
0: 161 144 -1
0: 162 104 -1
4: 627 152 15
0: 163 152 -1
5: 359 76 10
2: 360 76 22
0: 164 76 -1
5: 572 102 10
0: 165 102 -1
5: 559 28 10
5: 206 28 1
0: 166 28 -1
0: 167 3 -1
2: 288 130 18
0: 168 130 -1
4: 549 2 3
0: 169 2 -1
4: 719 109 30
0: 170 109 -1
3: 653 141 100
5: 395 141 1
5: 309 141 1
3: 204 141 2
0: 171 141 -1
1: 494 0 102
5: 267 0 2
4: 323 0 22
5: 284 0 24
0: 172 0 -1
1: 639 13 104
4: 460 13 22
0: 173 13 -1
0: 174 13 -1
3: 668 31 119
5: 236 31 49
0: 175 31 -1
5: 689 17 34
2: 289 17 23
4: 659 17 34
1: 320 17 128
5: 579 17 23
0: 176 17 -1
5: 502 16 23
4: 245 16 35
0: 177 16 -1
0: 178 54 -1
3: 425 91 17
0: 179 91 -1
2: 570 5 54
4: 452 5 35
0: 180 5 -1
0: 181 93 -1
5: 478 74 16
3: 525 74 46
1: 403 74 91
0: 182 74 -1
1: 278 27 136
0: 183 27 -1
3: 411 81 17
2: 471 81 39
0: 184 81 -1
5: 380 19 16
0: 185 19 -1
4: 537 151 16
4: 213 151 46
0: 186 151 -1
1: 236 49 142
3: 566 49 54
0: 187 49 -1
0: 188 124 -1
2: 386 42 17
0: 189 42 -1
3: 338 51 17
1: 467 51 146
2: 444 51 27
0: 190 51 -1
2: 309 1 17
5: 395 1 19
2: 206 1 6
0: 191 1 -1
3: 537 16 51
1: 380 16 0
4: 478 16 17
0: 192 16 -1
0: 193 16 -1
2: 648 38 76
0: 194 38 -1
3: 591 117 61
3: 412 117 27
0: 195 117 -1
3: 626 115 76
1: 569 115 16
4: 661 115 19
0: 196 115 -1
0: 197 5 -1
1: 559 10 26
4: 572 10 36
5: 359 10 24
0: 198 10 -1
2: 428 151 39
0: 199 151 -1
5: 380 0 24
0: 200 0 -1
4: 486 120 24
5: 313 120 6
0: 201 120 -1
0: 202 106 -1
5: 719 30 36
2: 593 30 0
0: 203 30 -1
3: 267 2 0
0: 204 2 -1
1: 417 8 120
4: 328 8 39
0: 205 8 -1
3: 313 6 29
0: 206 6 -1
3: 356 123 31
0: 207 123 -1
0: 208 84 -1
3: 555 40 54
4: 293 40 84
0: 209 40 -1
5: 312 94 10
0: 210 94 -1
0: 211 21 -1
1: 473 129 94
2: 596 129 40
4: 330 129 21
0: 212 129 -1
0: 213 46 -1
4: 549 3 46
0: 214 3 -1
0: 215 117 -1
4: 558 50 2
2: 409 50 40
3: 285 50 1
0: 216 50 -1
3: 312 10 3
0: 217 10 -1
0: 218 147 -1
0: 219 30 -1
5: 454 58 3
3: 371 58 30
5: 574 58 2
2: 546 58 54
0: 220 58 -1
0: 221 6 -1
4: 661 19 29
3: 395 19 6
3: 321 19 6
1: 224 19 129
0: 222 19 -1
4: 534 20 29
5: 424 20 18
2: 485 20 51
2: 268 20 1
0: 223 20 -1
0: 224 129 -1
0: 225 49 -1
4: 440 42 1
3: 643 42 49
4: 628 42 1
0: 226 42 -1
0: 227 152 -1
5: 617 132 18
0: 228 132 -1
0: 229 8 -1
3: 291 43 6
0: 230 43 -1
5: 637 130 18
3: 517 130 42
5: 233 130 16
0: 231 130 -1
1: 233 16 129
5: 569 16 80
0: 232 16 -1
0: 233 129 -1
1: 587 158 16
0: 234 158 -1
0: 235 11 -1
0: 236 142 -1
0: 237 135 -1
1: 260 7 129
1: 567 7 130
0: 238 7 -1
0: 239 138 -1
0: 240 106 -1
1: 383 4 106
0: 241 4 -1
3: 571 71 16
0: 242 71 -1
1: 603 75 142
2: 349 75 8
1: 337 75 147
2: 341 75 8
1: 340 75 10
0: 243 75 -1
4: 664 116 11
3: 519 116 16
2: 377 116 16
2: 361 116 16
0: 244 116 -1
1: 452 35 75
0: 245 35 -1
0: 246 20 -1
0: 247 77 -1
5: 486 24 6
3: 380 24 20
2: 359 24 16
3: 284 24 6
0: 248 24 -1
3: 642 109 49
3: 649 109 71
0: 249 109 -1
0: 250 118 -1
0: 251 107 -1
4: 574 2 6
2: 558 2 49
1: 396 2 107
3: 466 2 42
0: 252 2 -1
2: 665 38 77
0: 253 38 -1
1: 559 26 38
0: 254 26 -1
2: 340 10 8
0: 255 10 -1
0: 256 13 -1
2: 330 21 8
0: 257 21 -1
0: 258 72 -1
0: 259 12 -1
0: 260 129 -1
2: 575 95 10
2: 461 95 10
0: 261 95 -1
4: 300 65 80
0: 262 65 -1
3: 681 126 26
5: 544 126 28
4: 539 126 4
4: 332 126 4
0: 263 126 -1
4: 624 148 21
5: 680 148 21
1: 505 148 65
0: 264 148 -1
0: 265 105 -1
2: 332 4 10
3: 539 4 26
0: 266 4 -1
0: 267 0 -1
3: 628 1 71
2: 440 1 0
0: 268 1 -1
2: 615 62 71
2: 511 62 26
0: 269 62 -1
5: 544 28 1
0: 270 28 -1
0: 271 155 -1
5: 690 98 1
1: 398 98 95
5: 393 98 35
1: 625 98 105
2: 592 98 62
0: 272 98 -1
5: 387 48 35
0: 273 48 -1
0: 274 5 -1
5: 627 15 1
3: 613 15 5
0: 275 15 -1
2: 526 28 5
0: 276 28 -1
1: 659 34 28
3: 689 34 98
0: 277 34 -1
0: 278 136 -1
0: 279 24 -1
3: 439 112 0
0: 280 112 -1
4: 437 9 48
3: 389 9 0
0: 281 9 -1
2: 581 79 24
0: 282 79 -1
4: 679 150 48
2: 707 150 112
3: 449 150 5
0: 283 150 -1
5: 574 6 54
0: 284 6 -1
2: 627 1 28
2: 690 1 112
3: 544 1 24
0: 285 1 -1
0: 286 81 -1
4: 675 115 54
0: 287 115 -1
3: 637 18 77
2: 617 18 28
3: 424 18 5
0: 288 18 -1
2: 502 23 24
2: 579 23 28
0: 289 23 -1
0: 290 7 -1
2: 486 6 24
0: 291 6 -1
5: 580 45 145
5: 621 45 145
0: 292 45 -1
0: 293 84 -1
0: 294 154 -1
1: 342 60 45
0: 295 60 -1
2: 586 143 60
0: 296 143 -1
0: 297 144 -1
0: 298 153 -1
1: 387 35 115
3: 393 35 5
0: 299 35 -1
0: 300 80 -1
3: 706 25 118
4: 352 25 80
0: 301 25 -1
0: 302 1 -1
0: 303 86 -1
5: 531 14 0
2: 329 14 0
5: 620 14 24
4: 490 14 24
0: 304 14 -1
0: 305 32 -1
1: 700 84 25
2: 618 84 25
5: 501 84 9
0: 306 84 -1
3: 331 137 1
2: 552 137 14
0: 307 137 -1
3: 556 92 25
3: 533 92 14
3: 324 92 1
2: 451 92 13
0: 308 92 -1
5: 478 17 9
0: 309 17 -1
5: 664 11 9
5: 716 11 17
0: 310 11 -1
4: 472 158 17
0: 311 158 -1
3: 454 3 14
0: 312 3 -1
1: 534 29 32
3: 661 29 86
0: 313 29 -1
0: 314 69 -1
0: 315 35 -1
0: 316 44 -1
3: 676 33 69
5: 457 33 3
0: 317 33 -1
2: 431 41 13
0: 318 41 -1
0: 319 138 -1
0: 320 128 -1
0: 321 6 -1
4: 633 11 3
0: 322 11 -1
2: 460 22 11
0: 323 22 -1
0: 324 1 -1
0: 325 2 -1
2: 666 110 2
1: 442 110 41
0: 326 110 -1
2: 680 21 98
5: 624 21 14
0: 327 21 -1
0: 328 39 -1
0: 329 0 -1
0: 330 8 -1
0: 331 1 -1
0: 332 10 -1
2: 633 3 2
3: 457 3 1
0: 333 3 -1
0: 334 18 -1
0: 335 4 -1
4: 688 99 0
4: 345 99 8
0: 336 99 -1
0: 337 147 -1
1: 472 17 110
3: 716 17 128
0: 338 17 -1
5: 366 47 3
0: 339 47 -1
4: 345 8 14
0: 340 8 -1
0: 341 8 -1
0: 342 45 -1
3: 608 68 2
4: 399 68 39
2: 405 68 1
0: 343 68 -1
3: 433 134 2
0: 344 134 -1
0: 345 14 -1
1: 518 64 45
0: 346 64 -1
0: 347 52 -1
0: 348 12 -1
0: 349 8 -1
3: 509 140 4
0: 350 140 -1
0: 351 35 -1
0: 352 80 -1
0: 353 88 -1
5: 621 145 80
3: 580 145 12
4: 545 145 14
3: 520 145 12
0: 354 145 -1
0: 355 33 -1
0: 356 31 -1
3: 366 3 1
0: 357 3 -1
0: 358 3 -1
0: 359 16 -1
0: 360 22 -1
0: 361 16 -1
0: 362 19 -1
0: 363 15 -1
3: 602 53 3
0: 364 53 -1
0: 365 33 -1
0: 366 1 -1
0: 367 18 -1
4: 589 133 2
0: 368 133 -1
0: 369 22 -1
5: 664 9 2
2: 478 9 3
2: 501 9 4
0: 370 9 -1
0: 371 30 -1
0: 372 33 -1
0: 373 89 -1
0: 374 52 -1
0: 375 53 -1
0: 376 23 -1
0: 377 16 -1
0: 378 96 -1
0: 379 153 -1
0: 380 20 -1
0: 381 139 -1
0: 382 78 -1
0: 383 106 -1
0: 384 22 -1
0: 385 23 -1
0: 386 17 -1
0: 387 115 -1
0: 388 9 -1
5: 688 0 4
5: 531 0 1
0: 389 0 -1
0: 390 29 -1
0: 391 21 -1
0: 392 141 -1
0: 393 5 -1
0: 394 99 -1
0: 395 6 -1
0: 396 107 -1
3: 719 36 6
5: 572 36 1
0: 397 36 -1
0: 398 95 -1
0: 399 39 -1
3: 598 29 6
0: 400 29 -1
0: 401 31 -1
4: 540 134 1
0: 402 134 -1
0: 403 91 -1
4: 614 131 4
0: 404 131 -1
5: 540 1 5
5: 572 1 13
3: 531 1 6
0: 405 1 -1
0: 406 9 -1
0: 407 103 -1
0: 408 59 -1
0: 409 40 -1
0: 410 7 -1
0: 411 17 -1
0: 412 27 -1
0: 413 15 -1
5: 426 85 17
0: 414 85 -1
0: 415 145 -1
0: 416 78 -1
0: 417 120 -1
0: 418 72 -1
3: 682 55 7
0: 419 55 -1
0: 420 23 -1
4: 621 80 27
2: 569 80 7
0: 421 80 -1
5: 695 103 39
0: 422 103 -1
0: 423 50 -1
4: 540 5 13
0: 424 5 -1
4: 426 17 13
0: 425 17 -1
0: 426 13 -1
3: 679 48 9
3: 437 48 0
4: 720 48 13
4: 480 48 0
2: 687 48 17
0: 427 48 -1
5: 695 39 0
0: 428 39 -1
0: 429 59 -1
3: 532 122 7
3: 619 122 9
0: 430 122 -1
3: 720 13 18
3: 540 13 9
5: 572 13 53
0: 431 13 -1
0: 432 22 -1
2: 664 2 17
4: 589 2 5
0: 433 2 -1
0: 434 93 -1
0: 435 59 -1
4: 673 156 5
0: 436 156 -1
3: 695 0 18
5: 480 0 13
0: 437 0 -1
0: 438 140 -1
0: 439 0 -1
0: 440 0 -1
0: 441 83 -1
0: 442 41 -1
3: 605 81 2
0: 443 81 -1
5: 621 27 39
0: 444 27 -1
0: 445 36 -1
0: 446 88 -1
5: 510 117 13
0: 447 117 -1
4: 632 66 39
3: 704 66 19
0: 448 66 -1
5: 673 5 2
2: 589 5 0
0: 449 5 -1
0: 450 43 -1
4: 510 13 2
4: 480 13 7
0: 451 13 -1
0: 452 75 -1
0: 453 157 -1
3: 545 14 0
5: 624 14 53
0: 454 14 -1
0: 455 13 -1
2: 515 70 0
0: 456 70 -1
0: 457 1 -1
5: 697 135 53
0: 458 135 -1
0: 459 87 -1
0: 460 11 -1
0: 461 10 -1
0: 462 149 -1
0: 463 92 -1
0: 464 152 -1
4: 496 74 7
0: 465 74 -1
0: 466 42 -1
0: 467 146 -1
0: 468 27 -1
0: 469 63 -1
5: 710 101 63
0: 470 101 -1
3: 632 39 11
3: 621 39 11
0: 471 39 -1
0: 472 110 -1
0: 473 94 -1
0: 474 84 -1
0: 475 8 -1
5: 562 121 70
3: 504 121 0
2: 578 121 8
0: 476 121 -1
0: 477 80 -1
0: 478 3 -1
5: 697 53 0
2: 624 53 13
5: 572 53 70
0: 479 53 -1
3: 496 7 1
0: 480 7 -1
0: 481 73 -1
0: 482 53 -1
0: 483 39 -1
3: 572 70 3
3: 562 70 3
0: 484 70 -1
0: 485 51 -1
1: 490 24 20
5: 620 24 87
0: 486 24 -1
3: 669 37 18
0: 487 37 -1
0: 488 103 -1
0: 489 79 -1
0: 490 20 -1
5: 606 36 3
0: 491 36 -1
1: 705 97 20
0: 492 97 -1
3: 710 63 22
0: 493 63 -1
0: 494 102 -1
0: 495 34 -1
0: 496 1 -1
5: 576 63 70
0: 497 63 -1
5: 662 121 3
0: 498 121 -1
3: 576 70 8
0: 499 70 -1
0: 500 67 -1
5: 614 4 8
3: 688 4 19
0: 501 4 -1
0: 502 24 -1
0: 503 109 -1
4: 697 0 7
0: 504 0 -1
0: 505 65 -1
0: 506 140 -1
0: 507 15 -1
2: 647 30 15
0: 508 30 -1
0: 509 4 -1
0: 510 2 -1
0: 511 26 -1
5: 654 111 0
0: 512 111 -1
4: 684 83 0
0: 513 83 -1
4: 568 114 2
0: 514 114 -1
5: 684 0 8
2: 654 0 17
0: 515 0 -1
0: 516 150 -1
0: 517 42 -1
0: 518 45 -1
0: 519 16 -1
0: 520 12 -1
0: 521 53 -1
0: 522 132 -1
5: 678 67 8
0: 523 67 -1
0: 524 68 -1
4: 549 46 7
0: 525 46 -1
0: 526 5 -1
0: 527 80 -1
0: 528 73 -1
0: 529 1 -1
5: 694 140 28
0: 530 140 -1
0: 531 6 -1
3: 549 7 1
3: 697 7 20
0: 532 7 -1
0: 533 14 -1
0: 534 32 -1
0: 535 58 -1
0: 536 70 -1
0: 537 51 -1
0: 538 37 -1
0: 539 26 -1
0: 540 9 -1
0: 541 108 -1
5: 620 87 0
0: 542 87 -1
0: 543 87 -1
0: 544 24 -1
3: 620 0 11
0: 545 0 -1
1: 675 54 23
5: 574 54 4
0: 546 54 -1
0: 547 113 -1
4: 574 4 28
0: 548 4 -1
0: 549 1 -1
0: 550 57 -1
0: 551 46 -1
0: 552 14 -1
0: 553 57 -1
0: 554 134 -1
0: 555 54 -1
0: 556 25 -1
0: 557 127 -1
0: 558 49 -1
0: 559 38 -1
0: 560 43 -1
0: 561 87 -1
4: 662 3 11
2: 606 3 1
0: 562 3 -1
0: 563 80 -1
0: 564 56 -1
0: 565 4 -1
0: 566 54 -1
0: 567 130 -1
0: 568 2 -1
0: 569 7 -1
0: 570 54 -1
0: 571 16 -1
0: 572 3 -1
0: 573 70 -1
0: 574 28 -1
0: 575 10 -1
4: 678 8 2
2: 684 8 4
5: 614 8 0
0: 576 8 -1
4: 715 21 11
0: 577 21 -1
0: 578 8 -1
2: 694 28 10
0: 579 28 -1
0: 580 12 -1
0: 581 24 -1
0: 582 87 -1
0: 583 159 -1
0: 584 39 -1
0: 585 37 -1
0: 586 60 -1
0: 587 16 -1
0: 588 27 -1
4: 614 0 71
0: 589 0 -1
0: 590 12 -1
0: 591 61 -1
0: 592 62 -1
0: 593 0 -1
0: 594 68 -1
0: 595 150 -1
0: 596 40 -1
0: 597 14 -1
0: 598 6 -1
0: 599 61 -1
4: 645 34 71
0: 600 34 -1
0: 601 87 -1
0: 602 3 -1
0: 603 142 -1
0: 604 82 -1
2: 678 2 0
3: 673 2 0
0: 605 2 -1
0: 606 1 -1
0: 607 56 -1
0: 608 2 -1
0: 609 46 -1
0: 610 39 -1
0: 611 8 -1
0: 612 37 -1
0: 613 5 -1
5: 645 71 28
0: 614 71 -1
0: 615 71 -1
0: 616 157 -1
5: 645 28 49
0: 617 28 -1
0: 618 25 -1
0: 619 9 -1
2: 715 11 1
1: 662 11 8
0: 620 11 -1
0: 621 11 -1
0: 622 27 -1
0: 623 126 -1
0: 624 13 -1
0: 625 105 -1
0: 626 76 -1
0: 627 28 -1
0: 628 71 -1
5: 650 63 49
0: 629 63 -1
0: 630 61 -1
0: 631 124 -1
0: 632 11 -1
0: 633 2 -1
0: 634 134 -1
2: 712 46 1
0: 635 46 -1
0: 636 90 -1
0: 637 77 -1
0: 638 159 -1
0: 639 104 -1
0: 640 125 -1
0: 641 127 -1
3: 650 49 0
3: 645 49 0
0: 642 49 -1
0: 643 49 -1
0: 644 67 -1
0: 645 0 -1
0: 646 35 -1
0: 647 15 -1
0: 648 76 -1
0: 649 71 -1
0: 650 0 -1
0: 651 159 -1
0: 652 76 -1
0: 653 100 -1
0: 654 17 -1
0: 655 57 -1
0: 656 47 -1
0: 657 56 -1
5: 711 44 0
0: 658 44 -1
0: 659 28 -1
0: 660 154 -1
0: 661 86 -1
0: 662 8 -1
0: 663 5 -1
0: 664 17 -1
0: 665 77 -1
0: 666 2 -1
0: 667 123 -1
0: 668 119 -1
0: 669 18 -1
0: 670 11 -1
0: 671 77 -1
0: 672 71 -1
2: 711 0 1
0: 673 0 -1
0: 674 57 -1
0: 675 23 -1
0: 676 69 -1
0: 677 116 -1
0: 678 0 -1
0: 679 9 -1
0: 680 98 -1
0: 681 26 -1
0: 682 7 -1
0: 683 127 -1
0: 684 4 -1
0: 685 51 -1
0: 686 108 -1
0: 687 17 -1
0: 688 19 -1
0: 689 98 -1
0: 690 112 -1
0: 691 40 -1
0: 692 82 -1
0: 693 3 -1
0: 694 10 -1
0: 695 18 -1
0: 696 86 -1
0: 697 20 -1
0: 698 27 -1
0: 699 62 -1
0: 700 25 -1
0: 701 100 -1
0: 702 119 -1
0: 703 7 -1
0: 704 19 -1
0: 705 20 -1
0: 706 118 -1
0: 707 112 -1
0: 708 37 -1
0: 709 50 -1
0: 710 22 -1
0: 711 1 -1
0: 712 1 -1
0: 713 51 -1
0: 714 151 -1
0: 715 1 -1
0: 716 128 -1
0: 717 73 -1
0: 718 143 -1
0: 719 6 -1
0: 720 18 -1
0: 677 116 -1
0: 678 22 -1
0: 679 104 -1
0: 680 23 -1
0: 681 3 -1
0: 682 94 -1
0: 683 32 -1
0: 684 24 -1
0: 685 51 -1
0: 686 108 -1
0: 687 23 -1
0: 688 31 -1
0: 689 128 -1
0: 690 38 -1
0: 691 40 -1
0: 692 61 -1
0: 693 151 -1
0: 694 24 -1
0: 695 4 -1
0: 696 86 -1
0: 697 3 -1
0: 698 27 -1
0: 699 62 -1
0: 700 32 -1
0: 701 100 -1
0: 702 89 -1
0: 703 7 -1
0: 704 22 -1
0: 705 0 -1
0: 706 60 -1
0: 707 75 -1
0: 708 37 -1
0: 709 50 -1
0: 710 91 -1
0: 711 1 -1
0: 712 6 -1
0: 713 51 -1
0: 714 151 -1
0: 715 4 -1
0: 716 5 -1
0: 717 73 -1
0: 718 143 -1
0: 719 82 -1
0: 720 15 -105 36 -1
0: 706 45 -1
0: 707 28 -1
0: 708 37 -1
0: 709 50 -1
0: 710 13 -1
0: 711 0 -1
0: 712 8 -1
0: 713 51 -1
0: 714 151 -1
0: 715 4 -1
0: 716 113 -1
0: 717 73 -1
0: 718 143 -1
0: 719 96 -1
0: 720 6 -11
4: 711 108 3
0: 676 108 -1
0: 677 116 -1
0: 678 2 -1
5: 711 3 13
0: 679 3 -1
0: 680 38 -1
1: 711 13 2
0: 681 13 -1
0: 682 108 -1
0: 683 127 -1
0: 684 3 -1
0: 685 51 -1
0: 686 108 -1
0: 687 15 -1
0: 688 64 -1
0: 689 33 -1
0: 690 62 -1
0: 691 40 -1
0: 692 27 -1
0: 693 13 -1
0: 694 1 -1
0: 695 15 -1
0: 696 86 -1
0: 697 23 -1
0: 698 100 -1
0: 699 62 -1
0: 700 25 -1
0: 701 125 -1
0: 702 19 -1
0: 703 7 -1
0: 704 4 -1
0: 705 6 -1
0: 706 0 -1
0: 707 18 -1
0: 708 37 -1
0: 709 50 -1
0: 710 91 -1
0: 711 2 -1
0: 712 5 -1
0: 713 51 -1
0: 714 151 -1
0: 715 10 -1
0: 716 89 -1
0: 717 73 -1
0: 718 143 -1
0: 719 8 -1
0: 720 23 -10: 699 62 -1
5: 712 45 23
0: 700 45 -1
0: 701 107 -1
0: 702 29 -1
0: 703 7 -1
0: 704 6 -1
5: 712 23 0
0: 705 23 -1
0: 706 45 -1
0: 707 64 -1
0: 708 37 -1
0: 709 50 -1
0: 710 23 -1
5: 712 0 1
0: 711 0 -1
0: 712 1 -1
0: 713 51 -1
0: 714 151 -1
0: 715 26 -1
0: 716 89 -1
0: 717 73 -1
0: 718 143 -1
0: 719 139 -1
0: 720 1 -1